1 0.5949519230769231 0.640625 0.052884615384615384 0.052884615384615384
1 0.6153846153846154 0.6274038461538461 0.0625 0.0625
1 0.5132211538461539 0.734375 0.0625 0.0625
1 0.30288461538461536 0.9627403846153846 0.06971153846153846 0.06971153846153846
1 0.3329326923076923 0.9411057692307693 0.04567307692307692 0.04567307692307692
1 0.36658653846153844 0.9086538461538461 0.06009615384615385 0.06009615384615385
1 0.5913461538461539 0.6971153846153846 0.057692307692307696 0.057692307692307696
1 0.546875 0.7403846153846154 0.08413461538461539 0.08413461538461539
1 0.5516826923076923 0.7548076923076923 0.07211538461538461 0.07211538461538461
1 0.9026442307692307 0.421875 0.09615384615384616 0.09615384615384616
1 0.4735576923076923 0.8449519230769231 0.09134615384615384 0.0889423076923077
1 0.5925480769230769 0.7307692307692307 0.0985576923076923 0.0985576923076923
1 0.49399038461538464 0.828125 0.0625 0.06490384615384616
1 0.8233173076923077 0.5144230769230769 0.11057692307692307 0.11057692307692307
1 0.7716346153846154 0.5649038461538461 0.11298076923076923 0.11298076923076923
1 0.5264423076923077 0.8137019230769231 0.04807692307692308 0.04807692307692308
1 0.44350961538461536 0.8954326923076923 0.10817307692307693 0.10576923076923077
1 0.5072115384615384 0.8473557692307693 0.07451923076923077 0.07451923076923077
1 0.6262019230769231 0.7391826923076923 0.0985576923076923 0.10096153846153846
1 0.8100961538461539 0.5841346153846154 0.12980769230769232 0.12980769230769232
1 0.4879807692307692 0.9026442307692307 0.13942307692307693 0.13942307692307693
1 0.6213942307692307 0.78125 0.11778846153846154 0.1201923076923077
1 0.6177884615384616 0.8221153846153846 0.1346153846153846 0.1346153846153846
1 0.5793269230769231 0.8713942307692307 0.11057692307692307 0.11057692307692307
1 0.6838942307692307 0.9423076923076923 0.15625 0.11057692307692307