1 0.4519230769230769 0.6610576923076923 0.03365384615384615 0.057692307692307696
1 0.4795673076923077 0.6622596153846154 0.04326923076923077 0.06490384615384616
1 0.31971153846153844 0.6935096153846154 0.04807692307692308 0.0625
1 0.042067307692307696 0.7632211538461539 0.016826923076923076 0.04326923076923077
1 0.08173076923076923 0.7584134615384616 0.05048076923076923 0.055288461538461536
1 0.41225961538461536 0.7103365384615384 0.055288461538461536 0.04567307692307692
1 0.3473557692307692 0.7199519230769231 0.07692307692307693 0.06971153846153846
1 0.3425480769230769 0.7355769230769231 0.06490384615384616 0.0625
1 0.8605769230769231 0.6598557692307693 0.0889423076923077 0.07932692307692307
1 0.21754807692307693 0.7680288461538461 0.08173076923076923 0.07451923076923077
1 0.3942307692307692 0.7391826923076923 0.0889423076923077 0.08173076923076923
1 0.24519230769230768 0.765625 0.05048076923076923 0.0625
1 0.7331730769230769 0.6923076923076923 0.10336538461538461 0.09134615384615384
1 0.65625 0.7043269230769231 0.10096153846153846 0.09375
1 0.28365384615384615 0.7728365384615384 0.03365384615384615 0.05048076923076923
1 0.15985576923076922 0.7932692307692307 0.10096153846153846 0.08653846153846154
1 0.2439903846153846 0.7896634615384616 0.06971153846153846 0.06009615384615385
1 0.4170673076923077 0.7692307692307693 0.07211538461538461 0.10096153846153846
1 0.6790865384615384 0.7451923076923077 0.1201923076923077 0.10817307692307693
1 0.19471153846153846 0.828125 0.12259615384615384 0.1201923076923077
1 0.3870192307692308 0.8040865384615384 0.0889423076923077 0.1201923076923077
1 0.3581730769230769 0.8377403846153846 0.0889423076923077 0.14423076923076922
1 0.29447115384615385 0.8557692307692307 0.0673076923076923 0.125
1 0.9543269230769231 0.8581730769230769 0.08653846153846154 0.16346153846153846
1 0.328125 0.9735576923076923 0.16105769230769232 0.04807692307692308