1 0.45552884615384615 0.6610576923076923 0.04807692307692308 0.057692307692307696
1 0.43149038461538464 0.6526442307692307 0.06009615384615385 0.0673076923076923
1 0.5600961538461539 0.7391826923076923 0.06009615384615385 0.06490384615384616
1 0.8137019230769231 0.9206730769230769 0.052884615384615384 0.0673076923076923
1 0.7860576923076923 0.9086538461538461 0.04567307692307692 0.04807692307692308
1 0.7439903846153846 0.8834134615384616 0.057692307692307696 0.06009615384615385
1 0.4723557692307692 0.71875 0.057692307692307696 0.055288461538461536
1 0.5264423076923077 0.7536057692307693 0.08653846153846154 0.08173076923076923
1 0.5252403846153846 0.7668269230769231 0.07211538461538461 0.07211538461538461
1 0.09975961538461539 0.5072115384615384 0.0985576923076923 0.09375
1 0.6225961538461539 0.8413461538461539 0.09134615384615384 0.0889423076923077
1 0.47836538461538464 0.7524038461538461 0.10096153846153846 0.09615384615384616
1 0.5985576923076923 0.8293269230769231 0.0625 0.06490384615384616
1 0.19831730769230768 0.5841346153846154 0.11298076923076923 0.10817307692307693
1 0.2620192307692308 0.6225961538461539 0.11538461538461539 0.11298076923076923
1 0.5612980769230769 0.8209134615384616 0.04567307692307692 0.05048076923076923
1 0.6634615384615384 0.8858173076923077 0.11057692307692307 0.10576923076923077
1 0.5901442307692307 0.8509615384615384 0.07692307692307693 0.07211538461538461
1 0.44711538461538464 0.7692307692307693 0.09375 0.10336538461538461
1 0.22716346153846154 0.6514423076923077 0.1346153846153846 0.12740384615384615
1 0.6201923076923077 0.9038461538461539 0.13942307692307693 0.13701923076923078
1 0.46033653846153844 0.8112980769230769 0.11298076923076923 0.125
1 0.4735576923076923 0.8509615384615384 0.125 0.14423076923076922
1 0.5216346153846154 0.8918269230769231 0.10096153846153846 0.1201923076923077
1 0.43990384615384615 0.9651442307692307 0.16346153846153846 0.06490384615384616